NumericalQuality Good

Symmetry NOSYM

XC
  GGA PBE
  dispersion Grimme3
end

atoms
      1         O     -3.446060      1.622820      1.231700 
      2         O     -3.446330     -1.231230      1.623050 
      3         C     -3.004780     -2.553790     -1.934770 
      4         O     -3.447380     -1.621570     -1.229790 
      5         O     -3.447410      1.230720     -1.620870 
      6         C     -3.002630      2.554320      1.937100 
      7         O     -1.790770      2.176590     -2.867310 
      8         O     -1.788440     -2.176710      2.868460 
      9         C     -3.002940     -1.936330      2.554770 
     10         C     -3.004780      1.936340     -2.552590 
     11         O     -1.790750     -2.868490     -2.175050 
     12         O     -1.788160      2.869010      2.176240 
     13        Zr     -2.430510      0.000110      0.000700 
     14         O     -1.222960     -0.244790     -1.786920 
     15         O     -1.222220      0.244940      1.785230 
     16         O     -1.222960      1.784730     -0.244500 
     17         O     -1.222990     -1.784490      0.244500 
     18         O      3.447700      1.622630      1.229370 
     19         O      3.446800      1.230720     -1.622270 
     20         C      3.003550     -2.553550     -1.936530 
     21         O      3.446770     -1.622280     -1.230870 
     22         O      3.447590     -1.231790      1.621020 
     23         C      3.004470      2.554030      1.935090 
     24         C      3.003550      1.935370     -2.554300 
     25         C      3.004250     -1.936330      2.553260 
     26         O      1.790010     -2.176130      2.867930 
     27         O      1.789170      2.175380     -2.868330 
     28         O      1.790280      2.868320      2.175580 
     29         O      1.789210     -2.867790     -2.176390 
     30        Zr      2.430440     -0.000100     -0.000040 
     31        Zr     -0.000720      1.413420     -1.862490 
     32        Zr      0.000350     -1.413460      1.861970 
     33        Zr      0.000590      1.862080      1.413390 
     34        Zr     -0.000660     -1.862100     -1.413980 
     35         O      1.222370     -1.786280      0.244420 
     36         O      1.222440      1.785950     -0.245080 
     37         O      1.223770      0.244550      1.784770 
     38         O      1.222430     -0.244600     -1.784490 
     39         H     -3.754430     -3.196560     -2.419360 
     40         H      3.752550      2.419770     -3.197930 
     41         H      3.753790      3.196810      2.420060 
     42         H     -3.751660      3.197460      2.422100 
     43         H     -3.751950     -2.421130      3.198090 
     44         H      3.752620     -3.196350     -2.421940 
     45         H     -3.754450      2.420860     -3.195390 
     46         H      3.753470     -2.420810      3.196530 
end

basis
  core Large
  createoutput None
  type TZ2P
end

geometry
end

relativistic Scalar ZORA

save TAPE10

end input
