NumericalQuality Good

Symmetry NOSYM

XC
  GGA PBE
  dispersion Grimme3
end

atoms
      1         O     -3.441320      0.979040      1.447420 
      2         O     -3.253300     -1.674820      1.641500 
      3         C     -2.914180     -2.923150     -1.903250 
      4         O     -3.446940     -2.020140     -1.211670 
      5         O     -3.686030      0.998420     -1.414870 
      6         C     -3.096840      1.855130      2.292040 
      7         O     -2.159530      2.078110     -2.672370 
      8         O     -1.512750     -2.728400      2.653020 
      9         C     -2.740750     -2.529320      2.402990 
     10         C     -3.325720      1.684540     -2.408480 
     11         O     -0.538520      3.633040     -1.157720 
     12         O     -0.237290      3.765330      1.077440 
     13         O     -1.678130     -3.131960     -2.076790 
     14         O     -1.944200      2.274860      2.541150 
     15         C     -0.479070      4.247180     -0.058090 
     16        Zr     -2.579910     -0.336620     -0.058030 
     17         O     -1.373030     -0.326820     -1.889760 
     18         O     -0.578500     -0.025150      2.761630 
     19         O     -1.125290      1.166500      0.131410 
     20         O     -1.079720     -1.647460      0.279160 
     21         O      3.589860      1.380720      1.105450 
     22         O      3.294630      1.287350     -1.872950 
     23         C      2.905950     -2.427130     -2.488600 
     24         O      3.410990     -1.586990     -1.708380 
     25         O      3.665280     -1.398110      1.242400 
     26         C      3.206200      2.052750      2.092940 
     27         C      2.698990      1.892230     -2.797720 
     28         C      3.311410     -2.119820      2.198750 
     29         O      2.141830     -2.273950      2.679230 
     30         O      1.460270      2.155180     -2.905260 
     31         O      2.020460      2.314640      2.467120 
     32         O      1.674280     -2.676220     -2.674010 
     33        Zr      2.541910     -0.123480     -0.244500 
     34        Zr     -0.271240      1.473300     -1.702770 
     35        Zr      0.230150     -1.614980      1.879430 
     36        Zr      0.052970      1.633590      1.752730 
     37        Zr      0.025330     -1.862150     -1.469730 
     38         O      1.331490     -2.093770      0.032860 
     39         O      1.292690      1.927340     -0.188950 
     40         O      1.292800      0.034690      1.297810 
     41         O      1.072910     -0.136700     -1.689330 
     42         H      1.781690      2.747680     -0.320990 
     43         H     -0.652720      5.333050     -0.101860 
     44         H     -3.598830     -3.618440     -2.408880 
     45         H      3.329360      2.264630     -3.619240 
     46         H      3.998760      2.493550      2.716170 
     47         H     -3.918960      2.304490      2.867390 
     48         H     -3.443680     -3.191570      2.930320 
     49         H      3.608060     -3.016500     -3.095550 
     50         H     -4.116440      1.992020     -3.106250 
     51         H      4.104680     -2.687850      2.705390 
end

basis
  core Large
  createoutput None
  type TZ2P
end

geometry
end

relativistic Scalar ZORA

save TAPE10

end input
